   0.0000000e+00   3.4113095e-01   2.4143972e-01   3.0042318e-01
   2.4143972e-01   3.2592717e-01   1.4961751e-01   1.8113400e-01
   4.3986494e-01   0.0000000e+00   1.9554800e-01   1.7199478e-01
   8.2106265e-01   1.7199478e-01   1.7893735e-01   1.5393239e-01
   4.3564050e-01   1.7199478e-01   1.9366190e-01   1.5393239e-01
   0.0000000e+00   8.3168604e-01   2.4143972e-01   1.6831396e-01
   8.1774176e-01   0.0000000e+00   1.8225824e-01   1.7199478e-01
   2.4143972e-01   1.7199478e-01   1.9420078e-01   1.5393239e-01
   5.3075426e-01   6.1256205e-01   1.1853550e-01   1.3304564e-01
   0.0000000e+00   0.0000000e+00   2.4143972e-01   3.4113095e-01
   2.4143972e-01   8.3828520e-01   1.4961751e-01   1.6171480e-01
   3.9105723e-01   4.6844331e-01   1.3969703e-01   1.3492969e-01
   7.5326219e-01   8.4499296e-01   8.5999075e-02   1.5500704e-01
   2.4143972e-01   6.7575523e-01   1.4961751e-01   1.6252997e-01
   2.4143972e-01   0.0000000e+00   1.9842522e-01   1.7199478e-01
   6.3541294e-01   0.0000000e+00   1.8232882e-01   1.7199478e-01
   6.4928976e-01   6.1256205e-01   1.2059789e-01   1.2324902e-01
   3.9105723e-01   7.3766142e-01   1.3969703e-01   1.3366193e-01
   5.3075426e-01   8.7332878e-01   1.1853550e-01   1.2667122e-01
   7.5326219e-01   7.3581107e-01   1.2349737e-01   1.0918189e-01
   6.4928976e-01   7.3581107e-01   1.0397244e-01   1.3389520e-01
   5.3075426e-01   7.4560769e-01   1.1853550e-01   1.2772110e-01
   8.7675956e-01   7.3581107e-01   1.2324044e-01   1.0918189e-01
   7.7519582e-01   4.6844331e-01   1.1274475e-01   1.4411874e-01
   5.6037323e-01   3.2592717e-01   1.5971805e-01   1.4251615e-01
   3.9105723e-01   6.0337300e-01   1.3969703e-01   1.3428843e-01
   7.2009129e-01   3.2592717e-01   1.4170999e-01   1.4251615e-01
   6.5391052e-01   4.6844331e-01   1.2128530e-01   1.4411874e-01
   2.4143972e-01   5.0706117e-01   1.4961751e-01   1.6869406e-01
   3.9105723e-01   8.7132336e-01   1.3969703e-01   1.2867664e-01
   8.8532751e-01   6.1256205e-01   1.1467249e-01   1.2324902e-01
   7.6988765e-01   6.1256205e-01   1.1543986e-01   1.2324902e-01
   8.8794057e-01   4.6844331e-01   1.1205943e-01   1.4411874e-01
   6.4928976e-01   8.6970627e-01   1.0397244e-01   1.3029373e-01
   5.3075426e-01   4.6844331e-01   1.2315626e-01   1.4411874e-01
   6.2930240e-01   1.7199478e-01   1.9176025e-01   1.5393239e-01
   3.9105723e-01   3.2592717e-01   1.6931601e-01   1.4251615e-01
   0.0000000e+00   6.4155413e-01   2.4143972e-01   1.9013191e-01
   9.2005428e-01   8.4499296e-01   7.9945722e-02   1.5500704e-01
   8.3926127e-01   8.4499296e-01   8.0793008e-02   1.5500704e-01
   8.6180127e-01   3.2592717e-01   1.3819873e-01   1.4251615e-01
